4294967278,16
4294967278,22
4294967278,21
4294967278,20
4294967278,19
4294967278,18
4294967278,17
4294967278,194
17,4
4294967278,193
17,3
17,2
17,1
4294967278,327
4294967278,192
5,4
4294967278,33
4294967278,32
4294967278,31
4294967278,30
4294967278,29
4294967278,28
4294967278,27
4294967278,26
4294967278,25
4294967278,24
4294967278,23
4294967278,326
4294967279,515
4294967294,1154
4294967278,325
4294967279,514
4294967294,431
4294967294,389
4294967278,187
4294967278,324
4294967279,513
4294967278,186
4294967278,185
4294967278,323
4294967279,512
4294967278,184
4294967278,322
4294967278,182
16,5
4294967278,181
16,4
16,3
16,2
16,1
4294967278,180
4294967278,178
4294967278,177
4294967278,41
4294967278,40
4294967278,39
4294967278,38
4294967278,294
4294967278,37
4294967278,36
4294967278,35
4294967278,34
4294967279,297
4294967279,38
4294967279,37
4294967279,295
4294967279,35
4294967279,34
4294967279,32
4294967279,30
4294967279,28
4294967279,27
4294967279,24
4294967279,23
4294967279,21
4294967279,19
4294967279,18
4294967279,17
4294967279,16
4294967279,14
4294967279,11
4294967279,10
4294967294,441
4294967278,321
4294967279,136
4294967278,320
4294967279,133
4294967278,171
4294967278,319
4294967279,319
4294967278,170
4294967294,477
4294967278,169
4294967278,318
4294967279,318
4294967294,89
4294967278,168
4294967278,317
4294967279,299
4294967278,166
4294967278,316
14,7
4294967278,165
14,6
14,5
4294967278,164
14,4
14,3
14,2
14,1
4294967279,317
4294967278,163
4294967279,316
4294967278,305
4294967294,388
4294967294,387
4294967294,394
4294967279,315
4294967278,304
4294967278,303
4294967278,158
4294967294,411
4294967294,396
4294967294,397
4294967294,421
4294967294,179
4294967294,1077
4294967294,426
4294967294,406
4294967294,417
4294967294,1076
4294967294,385
4294967294,403
4294967294,109
4294967294,466
4294967294,108
4294967278,157
4294967278,301
4294967294,444
4294967278,156
4294967294,1069
4294967294,1187
4294967279,298
4294967278,315
4294967294,390
4294967294,114
4294967294,120
7,3
4294967279,296
4294967278,314
4294967279,148
4294967294,38
4294967294,37
4294967294,36
4294967294,39
4294967294,1367
4294967294,1366
4294967294,1365
4294967294,1155
4294967294,1183
4294967294,29
4294967294,476
4294967294,0
4294967279,314
4294967279,143
4294967278,313
4294967294,40
4294967294,42
4294967294,76
4294967294,51
4294967294,395
4294967294,46
4294967294,115
4294967294,2
4294967294,52
4294967294,419
4294967294,1
4294967294,91
4294967294,90
4294967294,87
4294967294,86
4294967294,22
4294967294,83
4294967294,82
4294967294,107
4294967294,84
4294967294,7
4294967278,312
4294967278,260
4294967278,0
4294967294,6
4294967294,94
4294967294,96
4294967279,137
10,4
10,3
10,2
10,1
4294967294,9
4294967279,313
4294967279,260
4294967279,0
4294967294,8
0,7
4294967294,45
4294967294,44
4294967294,53
4294967294,1084
4294967294,1182
4294967294,414
4294967294,28
4294967294,1185
4294967294,92
4294967294,88
4294967294,85
4294967294,50
4294967294,427
4294967294,18
4294967294,1227
4294967294,1189
4294967294,11
4294967278,132
4294967278,131
4294967278,130
4294967278,129
4294967278,128
4294967278,127
4294967278,126
4294967278,125
4294967278,124
4294967278,123
4294967278,122
4294967278,121
4294967278,120
4294967278,119
4294967278,118
4294967278,117
4294967278,116
4294967278,115
4294967278,114
4294967278,113
4294967278,112
4294967278,111
4294967278,110
4294967278,109
4294967278,108
4294967278,107
4294967278,106
4294967278,105
4294967278,104
4294967278,103
4294967278,102
4294967278,101
4294967278,100
4294967278,99
4294967278,98
4294967278,97
4294967278,96
4294967278,95
4294967278,94
4294967278,93
4294967278,92
4294967278,91
4294967278,90
4294967278,89
4294967278,87
4294967278,86
4294967278,85
4294967278,84
4294967278,83
4294967278,82
4294967278,81
4294967278,80
4294967278,79
4294967278,78
4294967278,77
4294967278,76
4294967278,75
4294967278,74
4294967278,73
4294967278,72
4294967278,71
4294967278,70
4294967278,69
4294967278,68
4294967278,67
